I
850 Generated by WorldEditor 1.6.0b2

17     62 1 0 RJBM [H] Maizuru Heliport
1302 city Maizuru
1302 country Japan
1302 datum_lat 
1302 datum_lon 
1302 faa_code 
1302 iata_code 
1302 icao_code RJBM
1302 region_code 
1302 state KyÅto Prefecture
1302 transition_alt 
1302 transition_level 
102 H3  35.48995378  135.37877801 109.61 30.00 30.00 1 0 0 0.25 0
102 H2  35.49041785  135.37721520 109.63 30.00 30.00 1 0 0 0.25 0
102 H1  35.49088561  135.37557101 109.65 30.00 30.00 1 0 0 0.25 0
110 1 0.25 109.6400 New Taxiway 8
112  35.48991350  135.37789960  35.48991342  135.37784593
112  35.48983081  135.37779839  35.48978476  135.37779839
112  35.48974843  135.37789979  35.48974843  135.37795492
114  35.48983085  135.37800121  35.48987747  135.37800131
110 1 0.25 109.6400 New Taxiway 8
112  35.48982217  135.37821082  35.48982209  135.37815715
112  35.48973948  135.37810961  35.48969343  135.37810961
112  35.48965710  135.37821101  35.48965710  135.37826614
114  35.48973952  135.37831243  35.48978614  135.37831253
110 2 0.25 109.6400 New Taxiway 1
111  35.48858693  135.37806446
111  35.48818271  135.37788897
111  35.48801421  135.37851754
113  35.48840313  135.37869384
110 2 0.25 109.6400 New Taxiway 1
111  35.48906446  135.37642803
112  35.48906446  135.37642803  35.48905709  135.37645336
112  35.48900212  135.37646786  35.48898587  135.37646164
111  35.48851881  135.37626462
111  35.48835857  135.37679358
112  35.48884671  135.37700451  35.48886177  135.37701067
112  35.48887391  135.37708341  35.48886886  135.37710047
113  35.48887391  135.37708341
110 2 0.25 109.6400 New Taxiway 1
111  35.48932351  135.37554782
112  35.48932351  135.37554782  35.48931854  135.37556419
112  35.48925379  135.37556731  35.48923546  135.37555895
111  35.48881254  135.37537029
111  35.48864848  135.37591006
112  35.48909795  135.37610229  35.48910601  135.37610556
112  35.48913143  135.37619143  35.48911986  135.37623089
113  35.48913143  135.37619143
110 2 0.25 109.6400 Apron
111  35.48962902  135.37454603
111  35.48842365  135.37865317
112  35.48904615  135.37894216  35.48909938  135.37896922
112  35.48909048  135.37910554  35.48906846  135.37917091
111  35.48909048  135.37910554
111  35.48937881  135.37923388
112  35.48937881  135.37923388  35.48940910  135.37914484
112  35.48949651  135.37914217  35.48953709  135.37915801
111  35.48949651  135.37914217
111  35.48954419  135.37898905
112  35.48954419  135.37898905  35.48944451  135.37895010
112  35.48939729  135.37874225  35.48943288  135.37862433
111  35.48983866  135.37723830
111  35.48986249  135.37724912
111  35.49001043  135.37675791
111  35.48998295  135.37674513
111  35.49041995  135.37525866
111  35.49044324  135.37526922
113  35.49053945  135.37494091
110 1 0.25 109.6400 New Taxiway 2
111  35.49127023  135.37520191
111  35.48968652  135.37450537
112  35.48973944  135.37435190  35.48975482  135.37430063
112  35.48991877  135.37431379  35.48993854  135.37436237
111  35.48998628  135.37446878
111  35.49028840  135.37459947
111  35.49042872  135.37453181
111  35.49061970  135.37460931
111  35.49082951  135.37390636
111  35.49035548  135.37367951
111  35.49014863  135.37378942
112  35.49004967  135.37413017  35.48999542  135.37431312
112  35.48980548  135.37399352  35.48986483  135.37378199
111  35.48980548  135.37399352
111  35.48977717  135.37394638
112  35.48903137  135.37448019  35.48896128  135.37453066
112  35.48887063  135.37448427  35.48882229  135.37441007
111  35.48846799  135.37386954
112  35.48818143  135.37358778  35.48815783  135.37355557
112  35.48812126  135.37342139  35.48814644  135.37335757
111  35.48812126  135.37342139
111  35.48804851  135.37359955
111  35.48812203  135.37365597
111  35.48808214  135.37372736
111  35.48812535  135.37377340
111  35.48819379  135.37379296
111  35.48824292  135.37375147
112  35.48855632  135.37415412  35.48861226  135.37422616
111  35.48858001  135.37431302
111  35.48833304  135.37421339
112  35.48835072  135.37414659  35.48836188  135.37409480
112  35.48830321  135.37397211  35.48825732  135.37394622
112  35.48811504  135.37388700  35.48806592  135.37386355
112  35.48796514  135.37396938  35.48795014  135.37401797
112  35.48770877  135.37483297  35.48769079  135.37489675
112  35.48777186  135.37500706  35.48783578  135.37504386
112  35.48823910  135.37524477  35.48826997  135.37526261
112  35.48827559  135.37534706  35.48826194  135.37538392
111  35.48809740  135.37591100
111  35.48798722  135.37722940
112  35.48798722  135.37722940  35.48803374  135.37726441
112  35.48806531  135.37737154  35.48804580  135.37743236
111  35.48799810  135.37758690
111  35.48792150  135.37849089
112  35.48900244  135.37898159  35.48905695  135.37900627
112  35.48904665  135.37913470  35.48903007  135.37919323
111  35.48904665  135.37913470
111  35.48940589  135.37928776
112  35.48943012  135.37921855  35.48943625  135.37920119
112  35.48948120  135.37918640  35.48949899  135.37919462
113  35.49002575  135.37942390
112  35.48966817  135.37889137  35.48965250  135.37894141
112  35.48957399  135.37894126  35.48954516  135.37892586
112  35.48946354  135.37888258  35.48943282  135.37886564
112  35.48942933  135.37878922  35.48944313  135.37874457
112  35.48987709  135.37724896  35.48989294  135.37719772
112  35.48997736  135.37716537  35.49001762  135.37718381
112  35.49008687  135.37721503  35.49012411  135.37723321
114  35.49013441  135.37734724  35.49011775  135.37740043
112  35.49072215  135.37535939  35.49070838  135.37540448
111  35.49028582  135.37683853
111  35.49003250  135.37672112
112  35.49047118  135.37524408  35.49048822  135.37519324
112  35.49056750  135.37518423  35.49060972  135.37520339
114  35.49067649  135.37523379  35.49071963  135.37525541
112  35.49016190  135.37696302  35.49012936  135.37694765
112  35.49005440  135.37690988  35.49001270  135.37688838
112  35.49001959  135.37676717  35.49003564  135.37671163
111  35.49001959  135.37676717
111  35.49027351  135.37687966
114  35.49027351  135.37687966  35.49025599  135.37694319
112  35.49056791  135.37408460  35.49071829  135.37415573
112  35.49047668  135.37438790  35.49031461  135.37432084
112  35.49021426  135.37427411  35.49006423  135.37420544
114  35.49031062  135.37396186  35.49046683  135.37403665
130 Airport Boundary 9
111  35.48785485  135.37864373
111  35.48885473  135.37905730
111  35.48902570  135.37929271
111  35.49001805  135.37974537
111  35.49018374  135.37972619
111  35.49031928  135.37963589
111  35.49055839  135.37928830
111  35.49066803  135.37892142
111  35.49067095  135.37874158
111  35.49061218  135.37850233
111  35.49165807  135.37497957
111  35.49162692  135.37479539
111  35.49121607  135.37360033
111  35.49109249  135.37348708
111  35.49060020  135.37332656
111  35.49041439  135.37335384
111  35.49012078  135.37352032
111  35.48976350  135.37386128
111  35.48931253  135.37417563
111  35.48851549  135.37298900
111  35.48835113  135.37317598
111  35.48821778  135.37326884
111  35.48812126  135.37342139
111  35.48804851  135.37359955
111  35.48763398  135.37501336
113  35.48809854  135.37524500
120 Linear Feature 11
111  35.48921027  135.37756997 1
115  35.48952269  135.37770895
120 Linear Feature 11
111  35.48928443  135.37809584 1
115  35.48939452  135.37814493
120 Linear Feature 10
112  35.48964400  135.37763865  35.48962543  135.37770102 1
112  35.48952269  135.37770895  35.48947490  135.37768735
111  35.48952269  135.37770895
112  35.48952269  135.37770895  35.48957067  135.37773046 1
116  35.48957958  135.37785810  35.48956132  135.37791980
120 Linear Feature 10
112  35.48951597  135.37807476  35.48949739  135.37813713 1
112  35.48939452  135.37814493  35.48934674  135.37812333
111  35.48939452  135.37814493
112  35.48939452  135.37814493  35.48944250  135.37816644 1
116  35.48945156  135.37829413  35.48943330  135.37835583
120 Linear Feature 1
112  35.49063543  135.37506712  35.49052205  135.37501679 1
112  35.49035103  135.37523042  35.49030771  135.37537404
111  35.49035103  135.37523042
112  35.49035103  135.37523042  35.49033256  135.37529164 1
112  35.49016278  135.37586996  35.49007489  135.37616961
111  35.49016278  135.37586996
112  35.49016278  135.37586996  35.49014142  135.37594279 1
112  35.49009846  135.37608934  35.49007721  135.37616182
111  35.49009846  135.37608934
112  35.49009846  135.37608934  35.49000202  135.37641833 1
111  35.48991526  135.37671473 1
111  35.48987219  135.37686142 1
111  35.48980783  135.37708064 1
111  35.48976482  135.37722713 1
111  35.48964400  135.37763865 1
111  35.48957958  135.37785810 1
111  35.48951597  135.37807476 1
111  35.48945156  135.37829413 1
112  35.48933432  135.37869346  35.48929144  135.37884070 1
116  35.48946742  135.37904271  35.48957710  135.37909155
120 Linear Feature 6
112  35.49026439  135.37490310  35.49020886  135.37487893 1
112  35.49014291  135.37497336  35.49012666  135.37502730
111  35.49014291  135.37497336
112  35.49014291  135.37497336  35.49015896  135.37491942 1
116  35.49008604  135.37482431  35.49003274  135.37480104
120 Linear Feature 5
111  35.49068610  135.37509063 1
112  35.49033787  135.37493518  35.49016063  135.37485739
111  35.49033787  135.37493518
112  35.49033787  135.37493518  35.49031335  135.37492442 1
112  35.49026439  135.37490310  35.49024007  135.37489254
111  35.49026439  135.37490310
112  35.49026439  135.37490310  35.49019976  135.37487503 1
112  35.49008604  135.37482431  35.49003436  135.37480184
111  35.49008604  135.37482431
112  35.49008604  135.37482431  35.49001710  135.37479434 1
112  35.48995675  135.37476652  35.48994516  135.37476135
111  35.48995675  135.37476652
112  35.48995675  135.37476652  35.48990953  135.37474547 1
112  35.48983274  135.37484255  35.48981423  135.37490508 1
115  35.48980715  135.37492961
120 Linear Feature 4
111  35.48933457  135.37653740 1
112  35.48931238  135.37661275  35.48929569  135.37666915 1
112  35.48936922  135.37676188  35.48942064  135.37678462
111  35.48936922  135.37676188
112  35.48936922  135.37676188  35.48931790  135.37673917 1
112  35.48924794  135.37683193  35.48923103  135.37688939 1
115  35.48922210  135.37691989
120 Linear Feature 4
111  35.48962751  135.37554065 1
112  35.48960302  135.37562406  35.48958632  135.37568113 1
112  35.48966012  135.37577351  35.48971245  135.37579678
111  35.48966012  135.37577351
112  35.48966012  135.37577351  35.48960779  135.37575024 1
112  35.48953855  135.37584332  35.48952163  135.37590011 1
115  35.48951314  135.37592982
120 Linear Feature 3
111  35.48966012  135.37577351 1
111  35.48979011  135.37583031 1
115  35.49004103  135.37593994
120 Linear Feature 2
112  35.49033787  135.37493518  35.49039150  135.37495879 1
112  35.49039489  135.37508415  35.49037874  135.37513884 1
115  35.49035103  135.37523042
120 Linear Feature 12
111  35.48952016  135.37906617 1
111  35.48946742  135.37904271 1
112  35.48882040  135.37875486  35.48877041  135.37873245 1
112  35.48876350  135.37860547  35.48878097  135.37854597 1
115  35.48879518  135.37849731
120 Linear Feature 6
112  35.48987217  135.37686292  35.48985485  135.37692071 1
112  35.48975091  135.37693153  35.48970143  135.37690958
111  35.48975091  135.37693153
112  35.48975091  135.37693153  35.48980058  135.37695314 1
116  35.48980783  135.37708064  35.48979042  135.37713902
120 Linear Feature 6
112  35.49016278  135.37586996  35.49014527  135.37592913 1
112  35.49004103  135.37593994  35.48999155  135.37591799
111  35.49004103  135.37593994
112  35.49004103  135.37593994  35.49009070  135.37596155 1
116  35.49009846  135.37608934  35.49008015  135.37614993
120 Linear Feature 6
112  35.48962070  135.37674979  35.48960223  135.37681258 1
112  35.48949929  135.37681970  35.48945225  135.37679841
111  35.48949929  135.37681970
112  35.48949929  135.37681970  35.48954652  135.37684097 1
116  35.48955624  135.37696905  35.48953767  135.37703164
120 Linear Feature 6
112  35.48991173  135.37575974  35.48989422  135.37581891 1
112  35.48979011  135.37583031  35.48974063  135.37580836
111  35.48979011  135.37583031
112  35.48979011  135.37583031  35.48983978  135.37585192 1
116  35.48984724  135.37597901  35.48982894  135.37603961
120 Linear Feature 5
111  35.48964406  135.37667029 1
112  35.48962070  135.37674979  35.48960223  135.37681258 1
112  35.48967773  135.37689901  35.48972512  135.37691984
111  35.48967773  135.37689901
112  35.48967773  135.37689901  35.48963036  135.37687820 1
112  35.48955624  135.37696905  35.48953767  135.37703164 1
115  35.48953106  135.37705473
120 Linear Feature 5
111  35.48993700  135.37567375 1
112  35.48991173  135.37575974  35.48989326  135.37582252 1
112  35.48996888  135.37590841  35.49001627  135.37592924
111  35.48996888  135.37590841
112  35.48996888  135.37590841  35.48992151  135.37588761 1
112  35.48984724  135.37597901  35.48982867  135.37604160 1
115  35.48982235  135.37606380
120 Linear Feature 8
111  35.49010874  135.37709057 1
111  35.49004810  135.37706362 1
111  35.48975091  135.37693153 1
111  35.48967773  135.37689901 1
111  35.48949929  135.37681970 1
115  35.48936922  135.37676188
120 Linear Feature 9
112  35.48991616  135.37671460  35.48987217  135.37686292 1
112  35.49004810  135.37706362  35.49015991  135.37711326
111  35.49004810  135.37706362
112  35.49004810  135.37706362  35.48993596  135.37701399 1
116  35.48976482  135.37722713  35.48972189  135.37737327
120 Linear Feature 3
112  35.48921335  135.37703644  35.48921332  135.37705485 20
112  35.48918761  135.37706789  35.48917460  135.37706789 20
112  35.48916189  135.37703643  35.48916189  135.37701836 20
114  35.48918763  135.37700497  35.48920068  135.37700497 20
120 Linear Feature 3
112  35.48952256  135.37717139  35.48952252  135.37718980 20
112  35.48949681  135.37720284  35.48948381  135.37720284 20
112  35.48947109  135.37717138  35.48947109  135.37715331 20
114  35.48949683  135.37713991  35.48950989  135.37713991 20
120 Linear Feature 3
112  35.48939438  135.37642054  35.48939435  135.37643895 20
112  35.48936863  135.37645199  35.48935563  135.37645199 20
112  35.48934291  135.37642053  35.48934291  135.37640246 20
114  35.48936865  135.37638906  35.48938171  135.37638906 20
120 Linear Feature 3
112  35.48950255  135.37604549  35.48950251  135.37606390 20
112  35.48947680  135.37607694  35.48946380  135.37607694 20
112  35.48945108  135.37604548  35.48945108  135.37602741 20
114  35.48947682  135.37601401  35.48948988  135.37601401 20
120 Linear Feature 3
112  35.48970444  135.37655392  35.48970441  135.37657233 20
112  35.48967870  135.37658537  35.48966569  135.37658537 20
112  35.48965298  135.37655391  35.48965298  135.37653584 20
114  35.48967871  135.37652244  35.48969177  135.37652244 20
120 Linear Feature 3
112  35.48981397  135.37618039  35.48981394  135.37619880 20
112  35.48978823  135.37621184  35.48977522  135.37621184 20
112  35.48976251  135.37618038  35.48976251  135.37616230 20
114  35.48978825  135.37614891  35.48980130  135.37614891 20
120 Linear Feature 3
112  35.48968694  135.37542385  35.48968691  135.37544225 20
112  35.48966120  135.37545530  35.48964819  135.37545530 20
112  35.48963548  135.37542383  35.48963548  135.37540576 20
114  35.48966122  135.37539237  35.48967427  135.37539237 20
120 Linear Feature 3
112  35.48979869  135.37504614  35.48979866  135.37506455 20
112  35.48977295  135.37507759  35.48975994  135.37507759 20
112  35.48974723  135.37504613  35.48974723  135.37502806 20
114  35.48977296  135.37501466  35.48978602  135.37501466 20
120 Linear Feature 3
112  35.48999703  135.37555724  35.48999700  135.37557565 20
112  35.48997129  135.37558869  35.48995828  135.37558869 20
112  35.48994557  135.37555722  35.48994557  135.37553915 20
114  35.48997131  135.37552576  35.48998436  135.37552576 20
120 Linear Feature 3
112  35.49010807  135.37517969  35.49010804  135.37519810 20
112  35.49008233  135.37521115  35.49006932  135.37521115 20
112  35.49005661  135.37517968  35.49005661  135.37516161 20
114  35.49008234  135.37514822  35.49009540  135.37514822 20
120 Linear Feature 2
112  35.48921854  135.37751308  35.48921816  135.37759902 20
112  35.48908321  135.37767928  35.48900367  135.37767928 20
112  35.48894795  135.37751292  35.48894795  135.37742574 20
114  35.48908323  135.37734693  35.48916054  135.37734693 20
120 Linear Feature 2
112  35.48929264  135.37803947  35.48929227  135.37812541 20
112  35.48915732  135.37820568  35.48907777  135.37820568 20
112  35.48902206  135.37803932  35.48902206  135.37795213 20
114  35.48915733  135.37787333  35.48923465  135.37787333 20
120 Linear Feature 2
112  35.48928850  135.37703645  35.48928850  135.37709908 20
112  35.48918764  135.37716012  35.48912819  135.37716012 20
112  35.48908686  135.37703648  35.48908686  135.37697307 20
114  35.48918761  135.37691269  35.48924706  135.37691269 20
120 Linear Feature 2
112  35.48959770  135.37717140  35.48959770  135.37723403 20
112  35.48949684  135.37729507  35.48943739  135.37729507 20
112  35.48939606  135.37717143  35.48939606  135.37710802 20
114  35.48949682  135.37704763  35.48955626  135.37704763 20
120 Linear Feature 2
112  35.48946952  135.37642055  35.48946952  135.37648318 20
112  35.48936866  135.37654422  35.48930921  135.37654422 20
112  35.48926788  135.37642058  35.48926788  135.37635717 20
114  35.48936864  135.37629678  35.48942809  135.37629678 20
120 Linear Feature 2
112  35.48957769  135.37604550  35.48957769  135.37610813 20
112  35.48947683  135.37616917  35.48941738  135.37616917 20
112  35.48937605  135.37604553  35.48937605  135.37598212 20
114  35.48947681  135.37592173  35.48953625  135.37592173 20
120 Linear Feature 2
112  35.48977959  135.37655393  35.48977959  135.37661656 20
112  35.48967872  135.37667760  35.48961928  135.37667760 20
112  35.48957795  135.37655396  35.48957795  135.37649055 20
114  35.48967870  135.37643016  35.48973815  135.37643016 20
120 Linear Feature 2
112  35.48988912  135.37618040  35.48988912  135.37624303 20
112  35.48978825  135.37630407  35.48972881  135.37630407 20
112  35.48968748  135.37618043  35.48968748  135.37611702 20
114  35.48978823  135.37605664  35.48984768  135.37605664 20
120 Linear Feature 2
112  35.48976209  135.37542385  35.48976209  135.37548648 20
112  35.48966122  135.37554753  35.48960178  135.37554753 20
112  35.48956045  135.37542389  35.48956045  135.37536047 20
114  35.48966120  135.37530009  35.48972065  135.37530009 20
120 Linear Feature 2
112  35.48987384  135.37504615  35.48987384  135.37510878 20
112  35.48977297  135.37516982  35.48971352  135.37516982 20
112  35.48967219  135.37504618  35.48967219  135.37498277 20
114  35.48977295  135.37492238  35.48983240  135.37492238 20
120 Linear Feature 2
112  35.49007218  135.37555724  35.49007218  135.37561987 20
112  35.48997132  135.37568092  35.48991187  135.37568092 20
112  35.48987054  135.37555728  35.48987054  135.37549386 20
114  35.48997130  135.37543348  35.49003074  135.37543348 20
120 Linear Feature 2
112  35.49018322  135.37517970  35.49018322  135.37524233 20
112  35.49008235  135.37530337  35.49002291  135.37530337 20
112  35.48998158  135.37517973  35.48998158  135.37511632 20
114  35.49008233  135.37505594  35.49014178  135.37505594 20
120 Linear Feature 19
111  35.48903468  135.37635836 1
111  35.48904916  135.37635249
111  35.48902717  135.37638441 1
111  35.48905708  135.37637170
111  35.48901945  135.37641047 1
111  35.48906201  135.37639241
111  35.48901194  135.37643617 1
111  35.48906337  135.37641426
111  35.48900431  135.37646209 1
115  35.48905331  135.37644131
120 Linear Feature 18
111  35.48900340  135.37646547
112  35.48900340  135.37646547  35.48901593  135.37646894 1
112  35.48906147  135.37642603  35.48906946  135.37639832 1
112  35.48903988  135.37634038  35.48902734  135.37633230
113  35.48903988  135.37634038 1
120 Linear Feature 17
111  35.48884069  135.37702513 1
111  35.48886770  135.37709225
111  35.48883227  135.37705419 1
111  35.48885928  135.37712122
111  35.48882380  135.37708344 1
111  35.48885082  135.37715032
111  35.48881544  135.37711232 1
111  35.48883875  135.37717098
111  35.48880698  135.37714154 1
111  35.48882387  135.37718380
111  35.48879851  135.37717079 1
115  35.48880714  135.37719270
120 Linear Feature 16
111  35.48879113  135.37719626
112  35.48879113  135.37719626  35.48880485  135.37719742 1
112  35.48885082  135.37715032  35.48885928  135.37712122 1
111  35.48885928  135.37712122 1
112  35.48886770  135.37709225  35.48887613  135.37706327 1
112  35.48884567  135.37700725  35.48883496  135.37699740
111  35.48884567  135.37700725 1
111  35.48884069  135.37702513 1
111  35.48883227  135.37705419 1
111  35.48882380  135.37708344 1
111  35.48881544  135.37711232 1
111  35.48880698  135.37714154 1
113  35.48879851  135.37717079 1
120 Linear Feature 15
111  35.49014291  135.37497336 1
115  35.49011651  135.37506311
120 Linear Feature 14
111  35.48875686  135.37731292 1
111  35.48878435  135.37738186
111  35.48874842  135.37734198 1
111  35.48877575  135.37741131
111  35.48873989  135.37737135 1
111  35.48876734  135.37744005
111  35.48873150  135.37740022 1
111  35.48875879  135.37746926
111  35.48872303  135.37742939 1
111  35.48875036  135.37749808
111  35.48871452  135.37745868 1
111  35.48874186  135.37752717
111  35.48870611  135.37748763 1
111  35.48873336  135.37755620
111  35.48869763  135.37751683 1
111  35.48872489  135.37758516
111  35.48868916  135.37754598 1
111  35.48871635  135.37761437
111  35.48868066  135.37757526 1
111  35.48870793  135.37764313
111  35.48867228  135.37760412 1
111  35.48869931  135.37767262
111  35.48866385  135.37763313 1
111  35.48869090  135.37770134
111  35.48865523  135.37766282 1
111  35.48868234  135.37773061
111  35.48864687  135.37769160 1
111  35.48867390  135.37775946
111  35.48863841  135.37772071 1
111  35.48866540  135.37778854
111  35.48862992  135.37774995 1
111  35.48865694  135.37781745
111  35.48862150  135.37777894 1
111  35.48864837  135.37784673
111  35.48861297  135.37780831 1
111  35.48864013  135.37787490
111  35.48860459  135.37783716 1
111  35.48862829  135.37789657
111  35.48859610  135.37786638 1
111  35.48861364  135.37791062
111  35.48858759  135.37789569 1
115  35.48859738  135.37792025
120 Linear Feature 13
111  35.48857902  135.37792518
112  35.48857902  135.37792518  35.48860227  135.37792355 1
112  35.48864013  135.37787490  35.48864807  135.37784819 1
111  35.48864837  135.37784673 1
111  35.48865694  135.37781745 1
111  35.48866540  135.37778854 1
111  35.48867390  135.37775946 1
111  35.48868234  135.37773061 1
111  35.48869090  135.37770134 1
111  35.48869931  135.37767262 1
111  35.48870793  135.37764313 1
111  35.48871635  135.37761437 1
111  35.48872489  135.37758516 1
111  35.48873336  135.37755620 1
111  35.48874186  135.37752717 1
111  35.48875036  135.37749808 1
111  35.48875879  135.37746926 1
111  35.48876734  135.37744005 1
111  35.48877575  135.37741131 1
112  35.48878435  135.37738186  35.48879289  135.37735286 1
112  35.48876596  135.37728159  35.48875708  135.37726392
111  35.48876596  135.37728159 1
111  35.48875686  135.37731292 1
111  35.48874842  135.37734198 1
111  35.48873989  135.37737135 1
111  35.48873150  135.37740022 1
111  35.48872303  135.37742939 1
111  35.48871452  135.37745868 1
111  35.48870611  135.37748763 1
111  35.48869763  135.37751683 1
111  35.48868916  135.37754598 1
111  35.48868066  135.37757526 1
111  35.48867228  135.37760412 1
111  35.48866385  135.37763313 1
111  35.48865523  135.37766282 1
111  35.48864687  135.37769160 1
111  35.48863841  135.37772071 1
111  35.48862992  135.37774995 1
111  35.48862150  135.37777894 1
111  35.48861297  135.37780831 1
111  35.48860459  135.37783716 1
111  35.48859610  135.37786638 1
113  35.48858759  135.37789569 1
120 Linear Feature 27
111  35.48941699  135.37489199 1
111  35.48942933  135.37488686
111  35.48941685  135.37490289 1
111  35.48943868  135.37489368
111  35.48942908  135.37490860 1
111  35.48944725  135.37490087
111  35.48944134  135.37491423 1
111  35.48945493  135.37490852
111  35.48945363  135.37491989 1
115  35.48946112  135.37491667
120 Linear Feature 26
111  35.48931461  135.37542208 1
111  35.48931666  135.37542699
111  35.48930339  135.37541720 1
111  35.48930881  135.37543054
111  35.48929227  135.37541242 1
111  35.48930027  135.37543249
111  35.48928113  135.37540756 1
111  35.48929125  135.37543309
111  35.48926990  135.37540271 1
111  35.48928176  135.37543262
111  35.48926517  135.37541421 1
115  35.48927211  135.37543142
120 Linear Feature 25
112  35.48926072  135.37542942  35.48922396  135.37542177
111  35.48926072  135.37542942 1
111  35.48926862  135.37540212 1
111  35.48932062  135.37542457
114  35.48932062  135.37542457  35.48931020  135.37543167 1
120 Linear Feature 24
111  35.48941406  135.37490167 1
111  35.48946583  135.37492568
112  35.48946583  135.37492568  35.48946082  135.37491271 1
112  35.48942036  135.37488083  35.48939197  135.37486267
113  35.48942036  135.37488083 1
120 Linear Feature 23
111  35.48926703  135.37552224 1
111  35.48927742  135.37551791
111  35.48925948  135.37554797 1
111  35.48928968  135.37553529
111  35.48926446  135.37556892 1
115  35.48929904  135.37555422
120 Linear Feature 22
112  35.48927034  135.37551070  35.48926075  135.37550331
111  35.48927034  135.37551070 1
111  35.48925379  135.37556731
112  35.48925379  135.37556731  35.48925999  135.37556962 1
112  35.48930166  135.37556381  35.48931257  135.37555573
111  35.48930166  135.37556381
114  35.48930166  135.37556381  35.48929903  135.37554626 1
120 Linear Feature 21
111  35.48911283  135.37612212 1
111  35.48913182  135.37617049
111  35.48909256  135.37612181 1
111  35.48912497  135.37620397
111  35.48908411  135.37615100 1
111  35.48911307  135.37622393
111  35.48907565  135.37618024 1
111  35.48909932  135.37623958
111  35.48906716  135.37620957 1
111  35.48908423  135.37625209
111  35.48905869  135.37623881 1
115  35.48906781  135.37626116
120 Linear Feature 20
111  35.48905080  135.37626607
112  35.48905080  135.37626607  35.48908148  135.37626232 1
112  35.48913007  135.37619060  35.48914100  135.37615247 1
112  35.48909773  135.37610395  35.48909087  135.37609887
111  35.48909773  135.37610395 1
111  35.48909256  135.37612181 1
111  35.48908411  135.37615100 1
111  35.48907565  135.37618024 1
111  35.48906716  135.37620957 1
113  35.48905869  135.37623881 1
120 Linear Feature 28
111  35.48942558  135.37890565 4
115  35.48933451  135.37921307
120 Linear Feature 28
111  35.48998920  135.37692857 4
115  35.48993047  135.37712581
120 Linear Feature 28
111  35.49057345  135.37494055 4
115  35.49052134  135.37511864
14  35.48924364  135.37526035  82.02 0 New Tower Viewpoint 1
18  35.48833300  135.37458400 3 New Airport Beacon 1
19  35.48973412  135.37819462 0 New Windsock 1

1      0 1 0 RJBM2 Maizuru Heliport Tower
100 45.00 15 0 0.25 0 1 0 12  35.49101262  135.37521077    0    0 0 0 0 0 30  35.48983005  135.37921976    0    0 0 0 0 0
130 Airport Boundary 9
111  35.48785485  135.37864373
111  35.48885473  135.37905730
111  35.48902570  135.37929271
111  35.49001805  135.37974537
111  35.49018374  135.37972619
111  35.49031928  135.37963589
111  35.49055839  135.37928830
111  35.49066803  135.37892142
111  35.49067095  135.37874158
111  35.49061218  135.37850233
111  35.49165807  135.37497957
111  35.49162692  135.37479539
111  35.49121607  135.37360033
111  35.49109249  135.37348708
111  35.49060020  135.37332656
111  35.49041439  135.37335384
111  35.49012078  135.37352032
111  35.48976350  135.37386128
111  35.48931253  135.37417563
111  35.48851549  135.37298900
111  35.48835113  135.37317598
111  35.48821778  135.37326884
111  35.48812126  135.37342139
111  35.48804851  135.37359955
111  35.48763398  135.37501336
113  35.48809854  135.37524500
14  35.48924364  135.37526035  82.02 0 New Tower Viewpoint 1
99
